-23.697, -34.688, 88.292
-22.221, -33.338, 87.628
-20.851, -31.882, 87.172
-19.601, -30.322, 86.958
-18.482, -28.666, 86.998
-17.5, -26.924, 87.283
-16.66, -25.11, 87.784
-15.961, -23.238, 88.458
-15.412, -21.315, 90.146
-14.993, -19.36, 91.075
-14.688, -17.384, 92.019
-14.485, -15.395, 92.958
-14.375, -13.398, 94.778
-14.346, -11.398, 95.657
-14.376, -9.398, 96.523
-14.454, -7.4, 97.386
-14.568, -5.403, 98.498
-14.703, -3.408, 95.885
-14.844, -1.413, 93.198
-14.976, 0.583, 90.432
-15.075, 2.58, 87.578
-15.124, 4.58, 84.628
-15.089, 6.579, 81.572
-14.936, 8.572, 78.397
-14.606, 10.544, 75.09
-14.05, 12.462, 71.632
-13.196, 14.268, 68.582
-11.994, 15.862, 66.531
-10.489, 17.171, 69.577
-8.77, 18.186, 65.832
-6.82, 18.571, 61.877
-4.875, 19.033, 57.629
-2.992, 19.702, 53.043
-1.253, 20.681, 48.028
0.208, 22.033, 42.438
1.143, 23.786, 36.008
1.302, 25.764, 46.045
0.772, 27.683, 59.556
-0.25, 29.396, 70.49
-1.59, 30.877, 77.955
-3.13, 32.149, 82.842
-4.806, 33.238, 84.62
-6.588, 34.144, 87.29
-8.439, 34.899, 88.306
-10.34, 35.518, 89.171
-12.282, 35.995, 90.571
-14.25, 36.345, 91.153
-16.236, 36.581, 91.677
-18.231, 36.708, 92.156
-20.231, 36.732, 92.6
-22.229, 36.659, 93.015
-24.222, 36.496, 93.407
-26.206, 36.247, 93.779
-28.179, 35.919, 94.135
-30.134, 35.5, 94.135
-32.073, 35.009, 94.388
-33.994, 34.454, 91.658
-35.896, 33.839, 88.845
-37.778, 33.162, 85.938
-39.613, 32.372, 82.933
-41.399, 31.472, 82.933
-43.03, 30.315, 85.802
-44.569, 29.045, 88.505
-46.022, 27.671, 88.505
-47.313, 26.144, 90.771
-48.544, 24.571, 92.558
-49.676, 22.922, 92.558
-50.716, 21.215, 93.926
-51.708, 19.478, 93.926
-52.59, 17.684, 94.957
-53.457, 15.882, 95.731
-54.212, 14.03, 95.731
-54.961, 12.176, 96.31
-55.616, 10.286, 96.31
-56.266, 8.394, 96.738
-56.829, 6.475, 96.738
-57.392, 4.556, 96.738
-57.873, 2.615, 97.05
-58.353, 0.673, 97.05
-58.765, -1.284, 97.269
-59.166, -3.243, 97.269
-59.514, -5.212, 97.41
-59.842, -7.185, 97.41
-60.131, -9.164, 97.481
-60.387, -11.147, 97.481
-60.618, -13.133, 97.486
-60.806, -15.125, 97.486
-60.98, -17.117, 97.423
-61.098, -19.113, 97.423
-61.213, -21.11, 97.285
-61.261, -23.109, 97.285
-61.309, -25.109, 97.285
-61.291, -27.109, 97.056
-61.267, -29.109, 97.056
-61.178, -31.106, 96.71
-61.077, -33.104, 96.71
-60.907, -35.096, 96.207
-60.724, -37.088, 96.207
-60.459, -39.07, 94.653
-60.181, -41.051, 91.931
-59.804, -43.015, 89.125
-59.393, -44.971, 86.229
-58.898, -46.909, 83.231
-58.316, -48.821, 80.123
-57.666, -50.712, 76.889
-56.868, -52.546, 73.511
-55.934, -54.311, 69.976
-54.843, -55.982, 66.255
-53.55, -57.5, 62.316
-52.011, -58.766, 58.114
-50.226, -59.645, 57.259
-48.275, -60.021, 64.18
-46.288, -59.89, 74.101
-44.364, -59.35, 82.609
-42.575, -58.458, 82.609
-40.905, -57.366, 85.269
-39.307, -56.166, 82.24
-37.833, -54.815, 79.091
-36.411, -53.412, 75.815
-35.071, -51.927, 72.388
-33.764, -50.414, 68.792
-32.539, -48.834, 64.994
-31.314, -47.253, 60.961
-30.173, -45.61, 56.643
-29.046, -43.958, 51.965
-27.926, -42.302, 46.824
-26.882, -40.596, 41.042
-25.838, -38.89, 34.299
-24.794, -37.184, 25.854
-23.483, -34.902, 0
-23.483, -34.902, 0
-13.519, -17.561, 0
endData
127
100
200
-23.697, -34.688, -3.735, -17.73, -24.556, 11.248, -8.457, 18.331
-8.457, 18.331, 14.081, 20.907, -4.808, 46.45, -38.938, 32.713
-38.938, 32.713, -73.067, 18.975, -68.345, -114.538, -23.483, -34.902
#PATH.JERRYIO-DATA {"appVersion":"0.11.0","format":"LemLib v0.5","gc":{"robotWidth":18,"robotHeight":18,"robotIsHolonomic":false,"showRobot":true,"uol":2.54,"pointDensity":2,"controlMagnetDistance":1.968503937007874,"fieldImage":{"displayName":"V5RC 2027 - Override","signature":"V5RC-Override-H2H-TopDownHighlighted-TileColor66_71","origin":{"__type":"built-in"}},"coordinateSystem":"VEX Gaming Positioning System"},"paths":[{"segments":[{"controls":[{"uid":"hpxRTZWd0b","x":-23.697436756575637,"y":-34.68755235382812,"lock":false,"visible":true,"heading":0,"__type":"end-point"},{"uid":"hvwN9tQfam","x":-3.7349220975037647,"y":-17.73014742837997,"lock":false,"visible":true,"__type":"control"},{"uid":"zclEfX0d2o","x":-24.556039537610985,"y":11.247696431563073,"lock":false,"visible":true,"__type":"control"},{"uid":"xSaID0tAuM","x":-8.457237393198186,"y":18.331169375104704,"lock":false,"visible":true,"heading":90,"__type":"end-point"}],"speedProfiles":[],"lookaheadKeyframes":[],"uid":"Xc7aocmkIp"},{"controls":[{"uid":"xSaID0tAuM","x":-8.457237393198186,"y":18.331169375104704,"lock":false,"visible":true,"heading":90,"__type":"end-point"},{"uid":"lRZGMOXhgN","x":14.081085608979727,"y":20.90697771821075,"lock":false,"visible":true,"__type":"control"},{"uid":"JNMeLsPU6b","x":-4.808175573797952,"y":46.4504104540124,"lock":false,"visible":true,"__type":"control"},{"uid":"RXaMgQ7Hq3","x":-38.93763611995309,"y":32.712765957446805,"lock":false,"visible":true,"heading":270,"__type":"end-point"}],"speedProfiles":[],"lookaheadKeyframes":[],"uid":"x6WdXYKmKB"},{"controls":[{"uid":"RXaMgQ7Hq3","x":-38.93763611995309,"y":32.712765957446805,"lock":false,"visible":true,"heading":270,"__type":"end-point"},{"uid":"DJI3yZI0dE","x":-73.06709666610823,"y":18.975121460881212,"lock":false,"visible":true,"__type":"control"},{"uid":"C3jFDdYKfr","x":-68.3447813704138,"y":-114.53761099011561,"lock":false,"visible":true,"__type":"control"},{"uid":"otOAYkI0Dz","x":-23.4827860613168,"y":-34.90220304908696,"lock":false,"visible":true,"heading":0,"__type":"end-point"}],"speedProfiles":[],"lookaheadKeyframes":[],"uid":"9GFvI7262h"}],"pc":{"speedLimit":{"minLimit":{"value":0,"label":"0"},"maxLimit":{"value":127,"label":"127"},"step":1,"from":20,"to":100},"bentRateApplicableRange":{"minLimit":{"value":0,"label":"0"},"maxLimit":{"value":1,"label":"1"},"step":0.001,"from":0,"to":0.1},"maxDecelerationRate":127},"name":"Path","uid":"zHinRToRgc","lock":false,"visible":true}]}